=== HASIL RANDOM FOREST CROSS-VALIDATION (50 Topologi, GT.csv) ===

== Ringkasan Per Topologi (Fold CV) ==
 topologi  subset_accuracy  hamming_accuracy  hamming_loss  micro_precision  micro_recall  micro_f1  macro_precision  macro_recall  macro_f1  weighted_precision  weighted_recall  weighted_f1
        1            1.000            1.0000        0.0000              0.0      0.000000  0.000000              0.0      0.000000  0.000000            0.000000         0.000000     0.000000
        2            1.000            1.0000        0.0000              1.0      1.000000  1.000000              0.1      0.100000  0.100000            1.000000         1.000000     1.000000
        3            1.000            1.0000        0.0000              1.0      1.000000  1.000000              0.1      0.100000  0.100000            1.000000         1.000000     1.000000
        4            1.000            1.0000        0.0000              1.0      1.000000  1.000000              0.1      0.100000  0.100000            1.000000         1.000000     1.000000
        5            1.000            1.0000        0.0000              1.0      1.000000  1.000000              0.1      0.100000  0.100000            1.000000         1.000000     1.000000
        6            1.000            1.0000        0.0000              1.0      1.000000  1.000000              0.1      0.100000  0.100000            1.000000         1.000000     1.000000
        7            1.000            1.0000        0.0000              1.0      1.000000  1.000000              0.2      0.200000  0.200000            1.000000         1.000000     1.000000
        8            1.000            1.0000        0.0000              1.0      1.000000  1.000000              0.1      0.100000  0.100000            1.000000         1.000000     1.000000
        9            0.875            0.9875        0.0125              0.0      0.000000  0.000000              0.0      0.000000  0.000000            0.000000         0.000000     0.000000
       10            1.000            1.0000        0.0000              1.0      1.000000  1.000000              0.1      0.100000  0.100000            1.000000         1.000000     1.000000
       11            0.500            0.9500        0.0500              0.0      0.000000  0.000000              0.0      0.000000  0.000000            0.000000         0.000000     0.000000
       12            0.875            0.9875        0.0125              1.0      0.500000  0.666667              0.1      0.100000  0.100000            0.500000         0.500000     0.500000
       13            1.000            1.0000        0.0000              1.0      1.000000  1.000000              0.2      0.200000  0.200000            1.000000         1.000000     1.000000
       14            1.000            1.0000        0.0000              1.0      1.000000  1.000000              0.2      0.200000  0.200000            1.000000         1.000000     1.000000
       15            1.000            1.0000        0.0000              0.0      0.000000  0.000000              0.0      0.000000  0.000000            0.000000         0.000000     0.000000
       16            1.000            1.0000        0.0000              1.0      1.000000  1.000000              0.2      0.200000  0.200000            1.000000         1.000000     1.000000
       17            1.000            1.0000        0.0000              0.0      0.000000  0.000000              0.0      0.000000  0.000000            0.000000         0.000000     0.000000
       18            1.000            1.0000        0.0000              1.0      1.000000  1.000000              0.3      0.300000  0.300000            1.000000         1.000000     1.000000
       19            0.875            0.9875        0.0125              1.0      0.666667  0.800000              0.1      0.100000  0.100000            0.666667         0.666667     0.666667
       20            0.875            0.9875        0.0125              0.8      1.000000  0.888889              0.2      0.200000  0.200000            1.000000         1.000000     1.000000
       21            1.000            1.0000        0.0000              0.0      0.000000  0.000000              0.0      0.000000  0.000000            0.000000         0.000000     0.000000
       22            0.375            0.9375        0.0625              1.0      0.285714  0.444444              0.1      0.100000  0.100000            0.285714         0.285714     0.285714
       23            1.000            1.0000        0.0000              1.0      1.000000  1.000000              0.1      0.100000  0.100000            1.000000         1.000000     1.000000
       24            1.000            1.0000        0.0000              1.0      1.000000  1.000000              0.1      0.100000  0.100000            1.000000         1.000000     1.000000
       25            1.000            1.0000        0.0000              0.0      0.000000  0.000000              0.0      0.000000  0.000000            0.000000         0.000000     0.000000
       26            0.875            0.9875        0.0125              0.0      0.000000  0.000000              0.0      0.000000  0.000000            0.000000         0.000000     0.000000
       27            0.875            0.9875        0.0125              1.0      0.500000  0.666667              0.1      0.100000  0.100000            0.500000         0.500000     0.500000
       28            0.875            0.9875        0.0125              1.0      0.750000  0.857143              0.2      0.166667  0.180000            1.000000         0.750000     0.850000
       29            1.000            1.0000        0.0000              1.0      1.000000  1.000000              0.1      0.100000  0.100000            1.000000         1.000000     1.000000
       30            1.000            1.0000        0.0000              0.0      0.000000  0.000000              0.0      0.000000  0.000000            0.000000         0.000000     0.000000
       31            0.875            0.9875        0.0125              0.0      0.000000  0.000000              0.0      0.000000  0.000000            0.000000         0.000000     0.000000
       32            0.875            0.9875        0.0125              1.0      0.500000  0.666667              0.1      0.100000  0.100000            0.500000         0.500000     0.500000
       33            0.875            0.9875        0.0125              1.0      0.500000  0.666667              0.1      0.100000  0.100000            0.500000         0.500000     0.500000
       34            1.000            1.0000        0.0000              1.0      1.000000  1.000000              0.1      0.100000  0.100000            1.000000         1.000000     1.000000
       35            1.000            1.0000        0.0000              0.0      0.000000  0.000000              0.0      0.000000  0.000000            0.000000         0.000000     0.000000
       36            1.000            1.0000        0.0000              1.0      1.000000  1.000000              0.3      0.300000  0.300000            1.000000         1.000000     1.000000
       37            0.750            0.9750        0.0250              1.0      0.666667  0.800000              0.2      0.160000  0.175000            1.000000         0.666667     0.791667
       38            1.000            1.0000        0.0000              1.0      1.000000  1.000000              0.2      0.200000  0.200000            1.000000         1.000000     1.000000
       39            1.000            1.0000        0.0000              1.0      1.000000  1.000000              0.2      0.200000  0.200000            1.000000         1.000000     1.000000
       40            1.000            1.0000        0.0000              0.0      0.000000  0.000000              0.0      0.000000  0.000000            0.000000         0.000000     0.000000
       41            1.000            1.0000        0.0000              1.0      1.000000  1.000000              0.1      0.100000  0.100000            1.000000         1.000000     1.000000
       42            1.000            1.0000        0.0000              1.0      1.000000  1.000000              0.1      0.100000  0.100000            1.000000         1.000000     1.000000
       43            0.750            0.9750        0.0250              1.0      0.500000  0.666667              0.1      0.050000  0.066667            1.000000         0.500000     0.666667
       44            1.000            1.0000        0.0000              1.0      1.000000  1.000000              0.1      0.100000  0.100000            1.000000         1.000000     1.000000
       45            1.000            1.0000        0.0000              0.0      0.000000  0.000000              0.0      0.000000  0.000000            0.000000         0.000000     0.000000
       46            0.875            0.9875        0.0125              1.0      0.500000  0.666667              0.1      0.100000  0.100000            0.500000         0.500000     0.500000
       47            0.875            0.9875        0.0125              1.0      0.500000  0.666667              0.1      0.100000  0.100000            0.500000         0.500000     0.500000
       48            0.875            0.9875        0.0125              1.0      0.500000  0.666667              0.1      0.100000  0.100000            0.500000         0.500000     0.500000
       49            1.000            1.0000        0.0000              1.0      1.000000  1.000000              0.1      0.100000  0.100000            1.000000         1.000000     1.000000
       50            1.000            1.0000        0.0000              0.0      0.000000  0.000000              0.0      0.000000  0.000000            0.000000         0.000000     0.000000
       51            0.875            0.9875        0.0125              1.0      0.500000  0.666667              0.1      0.100000  0.100000            0.500000         0.500000     0.500000
       52            1.000            1.0000        0.0000              1.0      1.000000  1.000000              0.2      0.200000  0.200000            1.000000         1.000000     1.000000
       53            0.750            0.9750        0.0250              1.0      0.666667  0.800000              0.2      0.160000  0.175000            1.000000         0.666667     0.791667
       54            1.000            1.0000        0.0000              0.0      0.000000  0.000000              0.0      0.000000  0.000000            0.000000         0.000000     0.000000
       55            1.000            1.0000        0.0000              1.0      1.000000  1.000000              0.2      0.200000  0.200000            1.000000         1.000000     1.000000
       56            0.875            0.9875        0.0125              1.0      0.666667  0.800000              0.2      0.200000  0.200000            0.666667         0.666667     0.666667
       57            0.625            0.9625        0.0375              1.0      0.625000  0.769231              0.2      0.140000  0.157143            1.000000         0.625000     0.732143
       58            1.000            1.0000        0.0000              0.0      0.000000  0.000000              0.0      0.000000  0.000000            0.000000         0.000000     0.000000
       59            0.875            0.9875        0.0125              0.0      0.000000  0.000000              0.0      0.000000  0.000000            0.000000         0.000000     0.000000
       60            1.000            1.0000        0.0000              0.0      0.000000  0.000000              0.0      0.000000  0.000000            0.000000         0.000000     0.000000
       61            1.000            1.0000        0.0000              1.0      1.000000  1.000000              0.1      0.100000  0.100000            1.000000         1.000000     1.000000
       62            0.750            0.9750        0.0250              1.0      0.600000  0.750000              0.1      0.060000  0.075000            1.000000         0.600000     0.750000
       63            1.000            1.0000        0.0000              1.0      1.000000  1.000000              0.1      0.100000  0.100000            1.000000         1.000000     1.000000
       64            1.000            1.0000        0.0000              0.0      0.000000  0.000000              0.0      0.000000  0.000000            0.000000         0.000000     0.000000
       65            0.750            0.9750        0.0250              1.0      0.333333  0.500000              0.1      0.100000  0.100000            0.333333         0.333333     0.333333
       66            1.000            1.0000        0.0000              1.0      1.000000  1.000000              0.2      0.200000  0.200000            1.000000         1.000000     1.000000
       67            1.000            1.0000        0.0000              1.0      1.000000  1.000000              0.2      0.200000  0.200000            1.000000         1.000000     1.000000
       68            1.000            1.0000        0.0000              0.0      0.000000  0.000000              0.0      0.000000  0.000000            0.000000         0.000000     0.000000
       69            1.000            1.0000        0.0000              1.0      1.000000  1.000000              0.1      0.100000  0.100000            1.000000         1.000000     1.000000
       70            0.625            0.9625        0.0375              1.0      0.400000  0.571429              0.1      0.050000  0.066667            0.800000         0.400000     0.533333
       71            1.000            1.0000        0.0000              1.0      1.000000  1.000000              0.2      0.200000  0.200000            1.000000         1.000000     1.000000
       72            1.000            1.0000        0.0000              0.0      0.000000  0.000000              0.0      0.000000  0.000000            0.000000         0.000000     0.000000
       73            1.000            1.0000        0.0000              1.0      1.000000  1.000000              0.3      0.300000  0.300000            1.000000         1.000000     1.000000
       74            0.875            0.9875        0.0125              1.0      0.500000  0.666667              0.1      0.100000  0.100000            0.500000         0.500000     0.500000
       75            1.000            1.0000        0.0000              1.0      1.000000  1.000000              0.2      0.200000  0.200000            1.000000         1.000000     1.000000
       76            1.000            1.0000        0.0000              0.0      0.000000  0.000000              0.0      0.000000  0.000000            0.000000         0.000000     0.000000
       77            1.000            1.0000        0.0000              1.0      1.000000  1.000000              0.1      0.100000  0.100000            1.000000         1.000000     1.000000
       78            0.875            0.9875        0.0125              1.0      0.500000  0.666667              0.1      0.100000  0.100000            0.500000         0.500000     0.500000
       79            0.750            0.9750        0.0250              1.0      0.666667  0.800000              0.2      0.160000  0.175000            1.000000         0.666667     0.791667
       80            1.000            1.0000        0.0000              0.0      0.000000  0.000000              0.0      0.000000  0.000000            0.000000         0.000000     0.000000
       81            1.000            1.0000        0.0000              1.0      1.000000  1.000000              0.2      0.200000  0.200000            1.000000         1.000000     1.000000
       82            0.875            0.9875        0.0125              1.0      0.500000  0.666667              0.1      0.100000  0.100000            0.500000         0.500000     0.500000
       83            1.000            1.0000        0.0000              1.0      1.000000  1.000000              0.1      0.100000  0.100000            1.000000         1.000000     1.000000
       84            1.000            1.0000        0.0000              0.0      0.000000  0.000000              0.0      0.000000  0.000000            0.000000         0.000000     0.000000
       85            1.000            1.0000        0.0000              1.0      1.000000  1.000000              0.1      0.100000  0.100000            1.000000         1.000000     1.000000
       86            0.625            0.9625        0.0375              1.0      0.500000  0.666667              0.2      0.140000  0.157143            1.000000         0.500000     0.642857
       87            0.750            0.9750        0.0250              1.0      0.500000  0.666667              0.2      0.133333  0.150000            1.000000         0.500000     0.625000
       88            1.000            1.0000        0.0000              1.0      1.000000  1.000000              0.2      0.200000  0.200000            1.000000         1.000000     1.000000
       89            1.000            1.0000        0.0000              1.0      1.000000  1.000000              0.1      0.100000  0.100000            1.000000         1.000000     1.000000
       90            1.000            1.0000        0.0000              0.0      0.000000  0.000000              0.0      0.000000  0.000000            0.000000         0.000000     0.000000
       91            1.000            1.0000        0.0000              1.0      1.000000  1.000000              0.2      0.200000  0.200000            1.000000         1.000000     1.000000
       92            0.875            0.9875        0.0125              1.0      0.750000  0.857143              0.1      0.100000  0.100000            0.750000         0.750000     0.750000
       93            0.375            0.9375        0.0625              1.0      0.166667  0.285714              0.1      0.100000  0.100000            0.166667         0.166667     0.166667
       94            1.000            1.0000        0.0000              0.0      0.000000  0.000000              0.0      0.000000  0.000000            0.000000         0.000000     0.000000
       95            1.000            1.0000        0.0000              1.0      1.000000  1.000000              0.2      0.200000  0.200000            1.000000         1.000000     1.000000
       96            1.000            1.0000        0.0000              1.0      1.000000  1.000000              0.2      0.200000  0.200000            1.000000         1.000000     1.000000
       97            1.000            1.0000        0.0000              1.0      1.000000  1.000000              0.2      0.200000  0.200000            1.000000         1.000000     1.000000
       98            1.000            1.0000        0.0000              0.0      0.000000  0.000000              0.0      0.000000  0.000000            0.000000         0.000000     0.000000
       99            1.000            1.0000        0.0000              1.0      1.000000  1.000000              0.3      0.300000  0.300000            1.000000         1.000000     1.000000
      100            1.000            1.0000        0.0000              0.0      0.000000  0.000000              0.0      0.000000  0.000000            0.000000         0.000000     0.000000

== Per Label (Global, gabungan 50 topologi) ==
Label                  | TP  FP  FN  TN  | Prec   Rec    F1     Acc    | Pos  Neg  All
------------------------------------------------------------------------------------------------
HelloMismatch          |  13   0   5 782 | 1.0000 0.7222 0.8387 0.9938 |   18  782  800
DeadMismatch           |  14   0   1 785 | 1.0000 0.9333 0.9655 0.9988 |   15  785  800
NetworkTypeMismatch    |  11   0   0 789 | 1.0000 1.0000 1.0000 1.0000 |   11  789  800
AreaMismatch           |   7   0   5 788 | 1.0000 0.5833 0.7368 0.9938 |   12  788  800
AuthMismatch           |  14   0   0 786 | 1.0000 1.0000 1.0000 1.0000 |   14  786  800
AuthKeyMismatch        |   4   0   7 789 | 1.0000 0.3636 0.5333 0.9912 |   11  789  800
MTUMismatch            |  10   0   1 789 | 1.0000 0.9091 0.9524 0.9988 |   11  789  800
PassiveMismatch        |  13   0   2 785 | 1.0000 0.8667 0.9286 0.9975 |   15  785  800
RedistributeMismatch   |  29   0   1 770 | 1.0000 0.9667 0.9831 0.9988 |   30  770  800
RouterIDMismatch       |  21   1  34 744 | 0.9545 0.3818 0.5455 0.9562 |   55  745  800

== Rata-rata (Macro) ==
Macro Precision       : 0.9954
Macro Recall          : 0.7727
Macro F1-Score        : 0.8484
Macro Accuracy        : 0.9929

== Metrik Mikro (Global) ==
Micro Precision       : 0.9927
Micro Recall          : 0.7083
Micro F1-Score        : 0.8267
Micro Accuracy Jaccard: 0.7047
Micro Accuracy Std    : 0.9929

== TN & Subset Accuracy ==
Total TP/FP/FN/TN     : 136/1/56/7807
Subset Accuracy (Exact Match, mean per topologi) : 0.9287
Hamming Accuracy (mean per topologi)            : 0.9929
Total Sampel (baris dataset)                   : 800
Total Topologi (fold CV)                       : 100

=== CLASSIFICATION REPORT (GLOBAL) ===
                      precision    recall  f1-score   support

       HelloMismatch       1.00      0.72      0.84        18
        DeadMismatch       1.00      0.93      0.97        15
 NetworkTypeMismatch       1.00      1.00      1.00        11
        AreaMismatch       1.00      0.58      0.74        12
        AuthMismatch       1.00      1.00      1.00        14
     AuthKeyMismatch       1.00      0.36      0.53        11
         MTUMismatch       1.00      0.91      0.95        11
     PassiveMismatch       1.00      0.87      0.93        15
RedistributeMismatch       1.00      0.97      0.98        30
    RouterIDMismatch       0.95      0.38      0.55        55

           micro avg       0.99      0.71      0.83       192
           macro avg       1.00      0.77      0.85       192
        weighted avg       0.99      0.71      0.80       192
         samples avg       0.17      0.16      0.16       192

Waktu Eksekusi: 2025-12-19 08:50:45