=== HASIL RANDOM FOREST CROSS-VALIDATION (50 Topologi, GT.csv) ===

== Ringkasan Per Topologi (Fold CV) ==
 topologi  subset_accuracy  hamming_accuracy  hamming_loss  micro_precision  micro_recall  micro_f1  macro_precision  macro_recall  macro_f1  weighted_precision  weighted_recall  weighted_f1
        1            1.000            1.0000        0.0000              0.0      0.000000  0.000000              0.0      0.000000  0.000000            0.000000         0.000000     0.000000
        2            1.000            1.0000        0.0000              1.0      1.000000  1.000000              0.1      0.100000  0.100000            1.000000         1.000000     1.000000
        3            1.000            1.0000        0.0000              1.0      1.000000  1.000000              0.1      0.100000  0.100000            1.000000         1.000000     1.000000
        4            1.000            1.0000        0.0000              1.0      1.000000  1.000000              0.1      0.100000  0.100000            1.000000         1.000000     1.000000
        5            0.875            0.9875        0.0125              0.0      0.000000  0.000000              0.0      0.000000  0.000000            0.000000         0.000000     0.000000
        6            1.000            1.0000        0.0000              1.0      1.000000  1.000000              0.1      0.100000  0.100000            1.000000         1.000000     1.000000
        7            1.000            1.0000        0.0000              1.0      1.000000  1.000000              0.2      0.200000  0.200000            1.000000         1.000000     1.000000
        8            1.000            1.0000        0.0000              1.0      1.000000  1.000000              0.1      0.100000  0.100000            1.000000         1.000000     1.000000
        9            0.875            0.9875        0.0125              0.0      0.000000  0.000000              0.0      0.000000  0.000000            0.000000         0.000000     0.000000
       10            1.000            1.0000        0.0000              1.0      1.000000  1.000000              0.1      0.100000  0.100000            1.000000         1.000000     1.000000
       11            0.500            0.9500        0.0500              0.0      0.000000  0.000000              0.0      0.000000  0.000000            0.000000         0.000000     0.000000
       12            0.875            0.9875        0.0125              1.0      0.500000  0.666667              0.1      0.100000  0.100000            0.500000         0.500000     0.500000
       13            1.000            1.0000        0.0000              1.0      1.000000  1.000000              0.2      0.200000  0.200000            1.000000         1.000000     1.000000
       14            1.000            1.0000        0.0000              1.0      1.000000  1.000000              0.2      0.200000  0.200000            1.000000         1.000000     1.000000
       15            1.000            1.0000        0.0000              0.0      0.000000  0.000000              0.0      0.000000  0.000000            0.000000         0.000000     0.000000
       16            0.875            0.9875        0.0125              1.0      0.666667  0.800000              0.2      0.150000  0.166667            1.000000         0.666667     0.777778
       17            1.000            1.0000        0.0000              0.0      0.000000  0.000000              0.0      0.000000  0.000000            0.000000         0.000000     0.000000
       18            1.000            1.0000        0.0000              1.0      1.000000  1.000000              0.3      0.300000  0.300000            1.000000         1.000000     1.000000
       19            0.875            0.9875        0.0125              1.0      0.666667  0.800000              0.1      0.100000  0.100000            0.666667         0.666667     0.666667
       20            1.000            1.0000        0.0000              1.0      1.000000  1.000000              0.2      0.200000  0.200000            1.000000         1.000000     1.000000
       21            1.000            1.0000        0.0000              0.0      0.000000  0.000000              0.0      0.000000  0.000000            0.000000         0.000000     0.000000
       22            0.375            0.9375        0.0625              1.0      0.285714  0.444444              0.1      0.100000  0.100000            0.285714         0.285714     0.285714
       23            0.875            0.9875        0.0125              0.0      0.000000  0.000000              0.0      0.000000  0.000000            0.000000         0.000000     0.000000
       24            1.000            1.0000        0.0000              1.0      1.000000  1.000000              0.1      0.100000  0.100000            1.000000         1.000000     1.000000
       25            1.000            1.0000        0.0000              0.0      0.000000  0.000000              0.0      0.000000  0.000000            0.000000         0.000000     0.000000
       26            0.875            0.9875        0.0125              0.0      0.000000  0.000000              0.0      0.000000  0.000000            0.000000         0.000000     0.000000
       27            0.875            0.9875        0.0125              1.0      0.500000  0.666667              0.1      0.100000  0.100000            0.500000         0.500000     0.500000
       28            0.875            0.9875        0.0125              1.0      0.750000  0.857143              0.2      0.166667  0.180000            1.000000         0.750000     0.850000
       29            1.000            1.0000        0.0000              1.0      1.000000  1.000000              0.1      0.100000  0.100000            1.000000         1.000000     1.000000
       30            1.000            1.0000        0.0000              0.0      0.000000  0.000000              0.0      0.000000  0.000000            0.000000         0.000000     0.000000
       31            0.875            0.9875        0.0125              0.0      0.000000  0.000000              0.0      0.000000  0.000000            0.000000         0.000000     0.000000
       32            0.875            0.9875        0.0125              1.0      0.500000  0.666667              0.1      0.100000  0.100000            0.500000         0.500000     0.500000
       33            0.875            0.9875        0.0125              1.0      0.500000  0.666667              0.1      0.100000  0.100000            0.500000         0.500000     0.500000
       34            0.875            0.9875        0.0125              1.0      0.500000  0.666667              0.1      0.050000  0.066667            1.000000         0.500000     0.666667
       35            1.000            1.0000        0.0000              0.0      0.000000  0.000000              0.0      0.000000  0.000000            0.000000         0.000000     0.000000
       36            1.000            1.0000        0.0000              1.0      1.000000  1.000000              0.3      0.300000  0.300000            1.000000         1.000000     1.000000
       37            0.375            0.9375        0.0625              1.0      0.166667  0.285714              0.1      0.100000  0.100000            0.166667         0.166667     0.166667
       38            0.875            0.9875        0.0125              1.0      0.500000  0.666667              0.1      0.100000  0.100000            0.500000         0.500000     0.500000
       39            1.000            1.0000        0.0000              1.0      1.000000  1.000000              0.2      0.200000  0.200000            1.000000         1.000000     1.000000
       40            1.000            1.0000        0.0000              0.0      0.000000  0.000000              0.0      0.000000  0.000000            0.000000         0.000000     0.000000
       41            1.000            1.0000        0.0000              1.0      1.000000  1.000000              0.1      0.100000  0.100000            1.000000         1.000000     1.000000
       42            0.875            0.9875        0.0125              0.0      0.000000  0.000000              0.0      0.000000  0.000000            0.000000         0.000000     0.000000
       43            0.500            0.9500        0.0500              0.0      0.000000  0.000000              0.0      0.000000  0.000000            0.000000         0.000000     0.000000
       44            1.000            1.0000        0.0000              1.0      1.000000  1.000000              0.1      0.100000  0.100000            1.000000         1.000000     1.000000
       45            1.000            1.0000        0.0000              0.0      0.000000  0.000000              0.0      0.000000  0.000000            0.000000         0.000000     0.000000
       46            0.875            0.9750        0.0250              0.0      0.000000  0.000000              0.0      0.000000  0.000000            0.000000         0.000000     0.000000
       47            0.875            0.9875        0.0125              1.0      0.500000  0.666667              0.1      0.100000  0.100000            0.500000         0.500000     0.500000
       48            0.875            0.9875        0.0125              1.0      0.500000  0.666667              0.1      0.100000  0.100000            0.500000         0.500000     0.500000
       49            1.000            1.0000        0.0000              1.0      1.000000  1.000000              0.1      0.100000  0.100000            1.000000         1.000000     1.000000
       50            1.000            1.0000        0.0000              0.0      0.000000  0.000000              0.0      0.000000  0.000000            0.000000         0.000000     0.000000

== Per Label (Global, gabungan 50 topologi) ==
Label                  | TP  FP  FN  TN  | Prec   Rec    F1     Acc    | Pos  Neg  All
------------------------------------------------------------------------------------------------
HelloMismatch          |   6   0   3 391 | 1.0000 0.6667 0.8000 0.9925 |    9  391  400
DeadMismatch           |   6   0   2 392 | 1.0000 0.7500 0.8571 0.9950 |    8  392  400
NetworkTypeMismatch    |   4   0   0 396 | 1.0000 1.0000 1.0000 1.0000 |    4  396  400
AreaMismatch           |   0   0   5 395 | 0.0000 0.0000 0.0000 0.9875 |    5  395  400
AuthMismatch           |   6   0   1 393 | 1.0000 0.8571 0.9231 0.9975 |    7  393  400
AuthKeyMismatch        |   2   0   3 395 | 1.0000 0.4000 0.5714 0.9925 |    5  395  400
MTUMismatch            |   4   0   1 395 | 1.0000 0.8000 0.8889 0.9975 |    5  395  400
PassiveMismatch        |   7   0   1 392 | 1.0000 0.8750 0.9333 0.9975 |    8  392  400
RedistributeMismatch   |  17   0   3 380 | 1.0000 0.8500 0.9189 0.9925 |   20  380  400
RouterIDMismatch       |   0   0  18 382 | 0.0000 0.0000 0.0000 0.9550 |   18  382  400

== Rata-rata (Macro) ==
Macro Precision       : 0.8
Macro Recall          : 0.6199
Macro F1-Score        : 0.6893
Macro Accuracy        : 0.9908

== Metrik Mikro (Global) ==
Micro Precision       : 1.0
Micro Recall          : 0.5843
Micro F1-Score        : 0.7376
Micro Accuracy Jaccard: 0.5843
Micro Accuracy Std    : 0.9908

== TN & Subset Accuracy ==
Total TP/FP/FN/TN     : 52/0/37/3911
Subset Accuracy (Exact Match, mean per topologi) : 0.91
Hamming Accuracy (mean per topologi)            : 0.9908
Total Sampel (baris dataset)                   : 400
Total Topologi (fold CV)                       : 50

=== CLASSIFICATION REPORT (GLOBAL) ===
                      precision    recall  f1-score   support

       HelloMismatch       1.00      0.67      0.80         9
        DeadMismatch       1.00      0.75      0.86         8
 NetworkTypeMismatch       1.00      1.00      1.00         4
        AreaMismatch       0.00      0.00      0.00         5
        AuthMismatch       1.00      0.86      0.92         7
     AuthKeyMismatch       1.00      0.40      0.57         5
         MTUMismatch       1.00      0.80      0.89         5
     PassiveMismatch       1.00      0.88      0.93         8
RedistributeMismatch       1.00      0.85      0.92        20
    RouterIDMismatch       0.00      0.00      0.00        18

           micro avg       1.00      0.58      0.74        89
           macro avg       0.80      0.62      0.69        89
        weighted avg       0.74      0.58      0.65        89
         samples avg       0.12      0.12      0.12        89

Waktu Eksekusi: 2025-12-19 08:46:36